ラザム神殿         00 08  16  39  25 120  30   155  137  02 00 00 00 00 00 00 00 神秘の泉
北アルナス砂漠     01 04  11  12  67 100  10   237  239  01 04 05 03 00 00 00 00 スコーピオン？
東アルナス砂漠     01 04  08  00  94 100  10   347  271  02 04 10 09 05 00 00 00 スコーピオン？
ホラガス           02 07  17  06  46 100  10   324  149  02 03 00 00 00 00 00 00 丘の上でお弁当
中央アルナス砂漠   01 07  42  35  50 100  10   243  343  02 03 09 06 00 00 00 00 スコーピオン？
南アルナス砂漠     01 05  12  11  60 100  10   165  415  05 08 07 00 00 00 00 00 スコーピオン？
プレア西           03 08  22  85  30 100  10   226  526  06 08 55 00 00 00 00 00 野原の鷲
プレア             03 11  97  95  66 120  50   330  466  09 24 23 07 06 00 00 00 脱走兵
ゴイザムの入口     04 06  23  32 106 100  10   384  376  05 03 18 19 24 08 00 00 酸素が少ない
ミッドウェイ西     05 05  13  12  74 100  10   469  160  11 20 18 03 00 00 00 00 雪だるまのために……
ミッドウェイ       05 06  32  44  68 100  30   596  140  10 12 13 21 00 00 00 00 雪だるまのために……
ミッドウェイ北     05 05  12  09  36 100  10   584   32  11 13 00 00 00 00 00 00 雪だるまのために……
ミッドウェイ東     05 05  19  20  66 100  10   694   83  12 16 11 00 00 00 00 00 雪だるまのために……
ロスウェム雪原     06 05  13  24  45 160  50   857   34  15 16 00 00 00 00 00 00 雪だるまのために……
北クイニック地方   05 05  15  18  56 100  10   989  100  14 35 17 16 00 00 00 00 雪だるまのために……
グリーン城         05 07  45  92  72  90 100   810  150  13 14 15 17 21 00 00 00 要塞
南クイニック地方   05 05  20  24  47 100  10   944  194  15 35 33 16 00 00 00 00 雪だるまのために……
ゲルザク渓谷       04 04  20 117  50 100  20   464  285  10 20 09 00 00 00 00 00 酸素が少ない
ガルガンダ山       07 06  50  71  31 130  10   518  369  09 00 00 00 00 00 00 00 酸素が少ない
リステム山地       04 05  20  12  71 100  10   573  285  18 10 21 22 00 00 00 00 酸素が少ない
北シャルピ丘陵     02 06  31  33  93 100  10   725  225  11 16 32 22 20 00 00 00 丘の上でお弁当
南シャルピ丘陵     02 06  27  22  75 100  10   716  308  20 21 32 31 27 00 00 00 丘の上でお弁当
プレア東           03 08  29  22  49 100  10   404  559  08 24 25 54 00 00 00 00 野原の鷲
ムレア山地         04 06  17  12  77 100  10   470  444  08 09 26 25 23 00 00 00 酸素が少ない
オステア港         08 09  81  60  43 120  40   558  526  23 24 26 00 00 00 00 00 脱走兵
ルートガルト３区   09 07  38  42  58 100  20   622  453  24 27 29 25 00 00 00 00 ウィンドウショッピング
ルートガルト２区   09 07  39  36  73 100  20   708  408  26 22 31 28 29 00 00 00 ウィンドウショッピング
ルートガルト１区   09 08  40  37  84 100  20   762  458  27 31 39 38 30 29 00 00 ウィンドウショッピング
王都ルートガルト   09 12 152 151 108 150  50   682  478  26 27 28 30 00 00 00 00 脱走兵
ルートガルト港     08 08  33  51  31 100  20   754  542  29 28 38 49 00 00 00 00 ウィンドウショッピング
南イオナ平原       03 07  30  18  84 100  10   800  396  28 27 22 32 39 00 00 00 野原の鷲
北イオナ平原       03 07  24  24  73 100  10   831  326  31 22 21 33 00 00 00 00 野原の鷲
古都ハルト         09 09  64  82  32 130  50   892  289  32 17 00 00 00 00 00 00 脱走兵
ルグザム火山       10 03  14  33  33 200  10  1129  183  35 36 00 00 00 00 00 00 リュッセルの丘で
リュッセル北       11 06  25  24  63 100  10  1032  216  15 17 34 36 37 00 00 00 リュッセルの丘で
リュッセル東       11 06  22  21  49 100  10  1119  285  35 34 37 00 00 00 00 00 リュッセルの丘で
リュッセル城       11 09  44  43  40 120  40  1028  339  35 36 40 00 00 00 00 00 リュッセルの丘で
ロイタス           02 08  33  00  61 100  10   850  514  30 28 39 00 00 00 00 00 丘の上でお弁当
ネルザーン砦       02 05  15 179  73 120  60   897  446  28 31 40 42 38 00 00 00 要塞
ウェルン沼         12 05  14  16  57 100  10   979  390  39 37 41 42 00 00 00 00 泥遊び
ピースト沼         12 06  38  27  46 100  10  1074  453  40 42 00 00 00 00 00 00 泥遊び
ニーア沼           12 06  42  58  79 100  10  1023  533  39 40 41 43 44 00 00 00 泥遊び
コリカ沼           12 05  15  18  50 100  10   966  595  42 44 45 00 00 00 00 00 泥遊び
北パーサの森       13 06  22  20  42 100  10  1076  669  42 43 46 00 00 00 00 00 森林火災
西パーサの森       13 06  20  21  30 100  10   938  744  43 46 48 00 00 00 00 00 森林火災
パーサの森         13 07  25  25  45 120  10  1042  732  44 45 47 00 00 00 00 00 森林火災
聖地グリンシャス   14 03  01  00  22 100  10  1111  813  46 00 00 00 00 00 00 00 神秘の泉
グリンク島         15 06  35  86  09 100  10   839  804  45 51 00 00 00 00 00 00 ゆでだこ
チャム島           15 08  37  71  21 100  10   743  603  30 50 00 00 00 00 00 00 ゆでだこ
ナース火山         10 07  34  88  47 180  30   724  698  49 51 52 00 00 00 00 00 ゆでだこ
ヒュン島           15 05  29  71  22 100  10   724  801  48 50 52 00 00 00 00 00 ゆでだこ
エルタ島           15 06  34  46  12 100  10   617  773  50 51 53 00 00 00 00 00 ゆでだこ
シャンタル島       15 06  18  60  29 100  10   534  779  52 60 00 00 00 00 00 00 ゆでだこ
ルーニック島       15 08  45  72  43 100  10   396  651  23 58 00 00 00 00 00 00 ゆでだこ
フェリル北         16 06  22  36  49 100  10   235  628  07 56 57 00 00 00 00 00 星の見える夜
フェリル西         16 05  17  20  39 100  10   175  725  55 57 00 00 00 00 00 00 星の見える夜
フェリル城         16 08  42  51  57 120  10   261  751  55 56 58 59 00 00 00 00 要塞
フェリル東         16 06  26  32  48 100  10   360  734  54 57 59 60 00 00 00 00 星の見える夜
シャルパイラ遺跡   17 05  01  00  48 100  10   298  851  57 58 61 00 00 00 00 00 神秘の泉
北ホアタ平原       03 08  31  25  43 100  10   463  768  58 53 61 00 00 00 00 00 野原の鷲
南ホアタ平原       03 07  19  19  43 100  10   437  868  60 59 00 00 00 00 00 00 野原の鷲
End
