ファイア           2 005 4 1 035  010 4 1 047  020 4 1 060  炎により攻撃
キュアポイズン     1 009 4 2 000  000 0 0 000  000 0 0 000  毒を回復
アタック           1 010 4 1 030  020 5 2 040  000 0 0 000  攻撃力向上
ウォータガード     1 015 5 2 000  000 0 0 000  000 0 0 000  水による攻撃を防ぐ
エレメント         0 030 4 1 000  060 4 1 000  000 0 0 000  精霊召喚
リカバー           1 010 5 2 012  020 5 3 045  000 0 0 000  ＨＰを徐々に回復
メテオストライク   2 050 4 5 070  000 0 0 000  000 0 0 000  流星を降らせる
ヴォルケーノ       2 080 6 6 080  000 0 0 000  000 0 0 000  火山を噴火させる
フリーズ           2 004 6 1 027  008 6 1 037  015 6 1 045  凍らせて攻撃
キュアストーン     1 009 4 2 000  000 0 0 000  000 0 0 000  石化を回復
スキル             1 010 4 1 030  020 5 2 040  000 0 0 000  技量向上
フレイムガード     1 015 5 2 000  000 0 0 000  000 0 0 000  炎による攻撃を防ぐ
エレメント         0 030 4 1 000  060 4 1 000  000 0 0 000  精霊召喚
マジックリカバー   1 020 5 2 006  040 5 3 020  000 0 0 000  ＭＰを徐々に回復
ブリザード         2 045 5 5 060  000 0 0 000  000 0 0 000  吹雪を起こして攻撃
デリュージ         2 080 0 0 105  000 0 0 000  000 0 0 000  大洪水を起こして水に沈める
エアカッター       2 006 5 2 020  012 6 2 030  025 6 2 042  空気の刃により攻撃
キュアパラライズ   1 009 4 2 000  000 0 0 000  000 0 0 000  麻痺を回復
スピード           1 010 4 1 040  020 5 2 050  000 0 0 000  素早さを向上
フライ             1 020 5 2 000  000 0 0 000  000 0 0 000  空に浮かせる
エレメント         0 030 4 1 000  060 4 1 000  000 0 0 000  精霊召喚
アゲン             1 020 4 1 000  040 5 3 000  000 0 0 000  攻撃回数を一回増やす
ライトニング       2 050 6 2 125  000 0 0 000  000 0 0 000  雷で攻撃
トルネード         2 070 0 0 065  000 0 0 000  000 0 0 000  竜巻を起こさせる
アシッドクラウド   2 007 4 2 022  014 4 2 035  028 4 2 050  毒ガスで攻撃
キュアスリープ     1 009 4 2 000  000 0 0 000  000 0 0 000  眠りを回復 
アーマー           1 010 4 1 030  020 5 2 040  000 0 0 000  防御力を上げる
グラビテイト       2 010 5 2 000  000 0 0 000  000 0 0 000  敵の攻撃回数を一回減らす
エレメント         0 030 4 1 000  060 4 1 000  000 0 0 000  精霊召喚
ストーンエッジ     2 025 4 1 000  050 5 2 000  000 0 0 000  敵を石化する
アースクウェイク   2 070 0 0 050  000 0 0 000  000 0 0 000  大地震を起こす
ウォールスマッシュ 2 040 0 0 110  000 0 0 000  000 0 0 000  城壁をすべて壊す
シャイニング       2 006 5 1 020  012 5 2 025  025 5 3 030  光線で攻撃
ヒール             1 010 6 1 050  020 6 1 090  040 6 1 130  ＨＰを回復
レジスト           1 010 4 1 040  020 5 2 050  000 0 0 000  魔法抵抗力向上
キュアオール       1 015 5 2 000  050 0 0 000  000 0 0 000  すべての状態回復
オールヒール       1 030 0 0 030  080 0 0 120  000 0 0 000  数部隊のＨＰ回復
エレメント         0 030 4 1 000  060 4 1 000  000 0 0 000  精霊召喚
レクイエム         2 060 0 0 080  000 0 0 000  000 0 0 000  アンデットにダメージ
ノヴァ             2 120 0 0 100  000 0 0 000  000 0 0 000  敵全体に大ダメージ
ブラッドサック     2 008 5 1 025  015 5 2 038  030 5 2 045  敵のＨＰを吸収
ポイズンクラッシュ 2 010 5 1 035  000 0 0 000  000 0 0 000  敵に毒攻撃
マジック           1 010 4 1 030  020 5 2 040  000 0 0 000  魔力向上
パラライズ         2 025 5 1 046  000 0 0 000  000 0 0 000  敵に麻痺攻撃
エレメント         0 030 4 1 000  060 4 1 000  000 0 0 000  精霊召喚
イリュージョン     2 040 5 1 010  100 5 5 020  000 0 0 000  敵を幻想状態にする
デス               2 080 5 2 000  000 0 0 000  000 0 0 000  一撃で死を与える
エクスプロージョン 2 100 0 5 120  000 0 0 000  000 0 0 000  大爆発を起こす
