99 +00 03 +30 04 +45 06 +15 06 +25 08 -30 10 -50 15 -70 05 +10 05 -10
07 -20 05 +00 15 -50 07 -30 04 +20 99 +00 05 +50 09 100 02 +10 05 100
99 +00 04 +15 04 +50 05 +35 05 +40 07 -20 09 -40 12 -60 04 +15 04 -10
06 -10 04 +10 12 -40 06 -10 04 +25 99 +00 04 +50 07 100 03 +00 04 100
99 +00 05 +00 06 +10 07 +20 07 +00 03 +50 02 +80 02 100 07 -10 05 +10
10 -40 09 -30 18 -80 05 +20 08 +00 99 +00 07 +50 12 100 04 -10 07 100
99 +00 03 +10 05 +20 05 +40 09 -20 10 -50 14 -70 18 -90 04 +20 07 -50
03 +70 05 +25 10 -10 07 -20 06 +10 99 +00 05 +50 09 100 02 +10 05 100
99 +00 04 -30 06 -10 06 +30 07 +10 05 +00 08 -20 11 -40 04 +15 06 -30
08 -40 05 +00 15 -50 03 +70 07 +10 99 +00 05 +50 09 100 03 +10 05 100
99 +00 04 +10 04 +30 04 +65 08 +10 10 -30 14 -50 18 -70 03 +20 06 -30
06 +00 03 +50 07 +00 06 -20 06 -10 99 +00 06 +50 08 100 03 +10 06 100
99 +00 03 +20 02 +80 08 -30 06 +40 08 -30 10 -50 15 -70 07 -20 04 +20
07 -80 08 -30 17 -70 05 +20 03 +70 99 +00 06 +50 10 100 02 +10 06 100
99 +00 04 +10 05 +40 07 +10 04 +50 06 -10 08 -30 10 -50 06 -10 03 +80
07 -60 07 -40 15 -80 07 -50 05 +30 99 +00 05 +50 09 100 03 +10 05 100
99 +00 03 +80 06 +30 08 -20 07 +10 05 -80 12 -90 18 -95 06 -30 04 +00
09 -85 08 -50 17 -90 12 -90 06 -30 99 +00 07 +50 10 100 03 +50 07 100
99 +00 03 +00 03 +00 03 +00 03 +00 03 +00 03 +00 03 +00 03 +00 03 +00
03 +00 03 +00 03 +00 03 +00 03 +00 99 +00 03 +00 03 +30 03 +00 03 +30
 