0
54 55 0
68 73 0
102 75 0
94 49 0
84 102 0
57 130 0
65 155 0
98 147 0
124 115 0
145 58 0
183 48 0
181 28 0
214 36 0
248 21 0
287 38 0
246 50 0
281 62 0
140 85 0
155 110 0
181 84 0
217 80 0
212 99 0
128 174 0
150 140 0
175 160 0
187 139 0
221 123 0
237 143 0
207 150 0
235 172 0
249 122 0
255 105 0
266 85 0
339 67 0
317 80 0
336 89 0
311 105 0
257 169 0
270 151 0
300 133 0
330 148 0
309 178 0
285 185 0
325 205 0
286 225 0
318 230 0
339 249 0
245 231 257 237 251 248 266 251 0
224 189 207 197 231 199 0
221 219 0
219 249 234 247 235 263 0
185 238 187 265 202 245 0
161 242 172 252 0
121 205 0
72 202 0
52 227 0
75 234 0
108 233 0
94 258 0
136 248 0
127 268 0

