[Name]
シナリオ５ 最終決戦

[Explanation]
　王都攻略戦でゴートⅢ世が死んだ後、リッチーとなったムクガイヤには、魔王ルーゼルも敵ではなく、ルーゼルも死に、また、竜騎士アルテナもその刃に倒れた。
　もはや、大陸はムクガイヤのものとなったかと思われたが、この時、ゴートⅢ世の部下として戦っていた神官戦士ホルスが、ゴートⅢ世の残った軍隊を率いて立ち上がった。
　ラザム神殿の神官戦士ホルスは、神剣ラグラントゥーという大剣を持っていた。大陸の人たちに残された希望はこのホルスだけだった。
　ムクガイヤは着々とその勢力を広げていた。ホルスには、ゴートⅢ世を支えていたような人材もなく、自分が１番の頼りだった。ホルスは、果たして勝つことができるのだろうか？

[Turn]
130

[Master13]
ラザムの神官戦士ホルス
★★★★
リッチーとなったムクガイヤに殺された、
ゴートⅢ世のあとを継ぎ、
神剣ラグラントゥーを手に打倒ムクガイヤを目指す。

[Master14]
リッチー・ムクガイヤ
★★
究極の暗黒魔法により、
ゴートⅢ世に殺される瞬間、リッチーとなった。
強力な魔法を使い、魔界の軍勢を率いる。

[Area]
13 13 13 13 13  13 13 13 13  0
 0  0  0  0  0   0  0  0  0  0
14 14 13  0  0  14 14 14 14 14
14 14 14  0  0   0  0 14 14 14
14 14 14  0  0   0  0  0  0  0
 0  0  0 13 13  13 13 13 13 13
13

[Locate]
ホルス       8 1
イオナ       8 4
Rムクガイヤ 29 1
ノーライフキング 29 1
ノーライフキング 29 1
ノーライフキング 32 1
