弓矢                1 2 000  4 1 075 1 1  1 矢ぁ           32  8 
投げ槍              1 2 000  2 1 060 1 1  1 槍投げ         32  8
投石                1 2 000  2 1 060 1 1  1 砲丸投げ       32  8
ブレス              2 2 000  1 2 070 1 2 10 ブレス         32 21
毒ブレス            2 2 000  1 2 070 1 2  2 ブレス         32 21
雪の結晶            1 2 000  3 1 080 2 1 11 雪合戦         32  8
ＭＰ回復            3 1 000  0 1 050 2 0 17 治療           32  6
神剣ラグラントゥー  4 2 010  1 2 090 1 1  9 太陽光線       32  7
城壁破壊            5 0 000  0 2 000 0 0  0 攻撃           32  6
死霊復活            6 0 000  0 1 000 0 0  0 助っ人登場     32  7
黒竜剣              8 2 040  0 2 125 1 1  4 爆発           96  6
風車                4 2 030  3 2 100 1 1 12 ナイフ         32  9
ララバイ            4 2 040  4 2 060 2 2  5 お眠りタイム   32 10
地裂斬              7 2 030 -1 4 100 1 1 13 壊れる世界     32  5
光竜剣              7 2 040 -1 6 110 1 2  9 太陽光線       32  5
海嘯撃              7 2 035 -1 5 105 1 1 11 すべて水の中   32  5
ナイトメア          7 2 045 -1 6 120 1 2  5 死の使い       32  7
ダークレイ          7 2 150 -1 9 200 2 2 15 勧誘           32  5
ダークブレス        2 2 000  1 2 080 1 2 15 ブレス         32 21
End